5 49 22 28 5 3
-0.548189 -0.59547 -0.591695 -0.389319 -0.824282 -0.406426 -0.644863 -0.243206 0.24017 -0.146855 -0.696915 -0.73745 -0.27877 -0.711589 -0.0521389 0.233641 0.260449 -0.459623 -0.557074 0.138497 -0.852211 -0.567695 0.0493549 0.122529 -0.367097 -0.871287 -0.225105 -0.0733416 0.202324 -0.112499 -0.334742 0.233895 0.085173 -0.819023 -0.309357 -0.865158 -0.820711 -0.625768 0.0535851 0.227982 -0.15602 0.0266356 -0.779089 -0.12859 -0.736368 0.293427 -0.549356 -0.68285 -0.450905
-0.449296 0.334506 -0.630487 0.0767975 -0.95603 -0.860697 -0.206771 0.0815482 -0.862667 -0.309071 -0.131665 -0.563855 0.0926059 -0.830748 -0.639647 -0.432853 -0.717209 -0.466733 0.437232 -0.511566 0.256988 -0.41412 -0.0462568 -0.522487 -0.467738 -0.22903 -0.371836 -0.314417 -0.220527 -0.175069 0.33932 -0.238884 -0.477668 -0.497901 -0.420427 0.123017 0.0144175 0.0419451 -0.1902 -0.0936062 -0.83686 -0.188456 -0.550001 -0.635349 -0.530836 -0.342481 -0.818661 -0.0479704 -0.865816
-0.153247 -0.400206 -0.838155 -0.0576721 0.0914531 -0.449304 -0.691101 -0.344785 -0.381621 -0.631629 -0.712248 -0.049548 -0.195902 -0.597228 -0.61272 0.0902345 -0.121479 0.192808 -0.13882 -0.421295 -0.270858 0.0909813 0.275645 -0.572449 0.136443 -0.0387483 -0.0789459 -0.724695 -0.507719 -0.0024169 -0.406232 0.185999 -0.199356 -0.697084 -0.091815 0.389962 0.0354458 -0.656017 -0.310988 0.0261249 -0.210243 0.312085 -0.278833 0.111442 -0.374729 -0.620728 -0.230477 -0.214867 0.209827
-0.582487 -0.270113 -0.301851 -0.438486 -0.948218 -0.56968 0.285255 -0.22054 -0.0906336 -0.00618436 0.398382 -0.726684 -0.627605 -0.331687 -0.496998 0.128364 0.233765 -0.278347 0.423972 -0.803545 -0.029378 0.143183 0.0801648 0.222187 -0.495486 0.256882 0.0604573 0.31584 -0.165609 -0.088465 0.0448966 -0.100686 -0.0171131 -0.517885 0.415215 -0.73055 -0.38101 -0.483244 -0.383356 -0.586928 0.282489 0.0936184 -0.820425 -0.826331 -0.811549 -0.749733 -0.85969 -0.141628 0.280559
-0.216308 -0.388198 -0.526967 0.0340983 -0.968473 -0.23359 0.162021 -0.0253966 0.26924 -0.266614 -0.77496 -0.564262 -0.14261 0.197064 0.31373 -0.0482992 -0.778123 -0.238308 -0.333554 -0.418186 -0.143303 -0.152695 -0.573549 -0.433371 -0.00497224 -0.206601 0.14205 0.206034 -0.130804 -0.0780479 -0.574789 0.0894049 0.227988 -0.114388 -0.297703 -0.383403 -0.361331 -0.458483 -0.709468 -0.540643 -0.283172 -0.125463 -0.074101 0.231321 -0.616016 -1.01837 0.0434411 0.179367 -0.700309
-0.0761486 -0.110703 -0.183857 -0.26418 -0.489807 -0.598484 -0.572276 0.189575 0.0212565 0.170088 -0.101129 -0.884207 -0.0935099 -0.171458 -0.0716524 -0.945526 0.19732 -0.0741232 -0.256932 -0.929141 -0.387427 -0.395982 -0.145335 -0.834054 -0.123752 -0.240565 0.342352 -0.122599 -0.0559895 0.12058 -0.70272 -0.293325 -0.131563 -0.524862 -0.55239 -0.25134 -0.219589 -0.155952 -0.542675 -0.228544 -0.708944 0.127327 -0.0141175 0.15731 -0.387695 0.103623 -0.0893054 0.23418 -0.599724
-1.47373 -1.12436 -0.0729198 0.39087 -1.8591 -0.51957 -0.713433 -0.62147 -0.269742 -0.0482192 0.472257 0.0992381 -0.438963 0.325301 0.345727 -0.903852 0.135097 -0.549228 0.405262 -0.64309 0.60917 0.345053 0.334158 -0.707108 0.470095 -0.455152 0.677091 -0.21284 0.133372 -0.638061 0.353976 0.824129 0.18987 -0.135667 1.368 0.549722 -0.711163 0.21044 0.301865 -0.570857 -1.23673 0.344924 0.341606 -0.419668 0.0731434 -1.17579 -0.0755224 -0.822699 -0.398168
-0.0895773 -0.289215 -0.181568 -0.294041 -0.474162 -0.761449 -0.257523 -0.658677 -0.259307 -0.625739 -0.546906 -0.158605 -0.73784 -0.29546 -0.872821 -0.643438 -0.242711 -0.462255 0.133779 -0.147882 -0.844261 -0.292517 -0.238849 -0.74299 -0.806182 -0.602011 0.211001 0.216259 0.028483 -0.870288 -0.39205 0.111458 -0.242439 -0.570512 -0.607183 -0.775712 -0.738946 0.0875686 -0.767923 -0.0383084 -0.130116 0.14681 -0.801504 -0.105717 -0.301163 0.0610371 -0.843007 0.237073 -0.797837
-0.294862 -0.49368 -0.448118 -0.649282 -0.270746 0.00520438 -0.0998431 -0.630675 -0.367049 -0.859643 -0.664062 -0.119849 0.13414 -0.563202 -0.371052 -0.556367 -0.191861 0.110138 0.366717 -0.109804 -0.44314 -0.709079 0.00521433 -0.0403852 -0.283908 0.134961 0.2666 -0.749882 0.19217 -0.867613 0.340297 0.207944 -0.280184 0.194643 0.370187 -0.0667684 0.127198 0.161838 -0.740968 -0.227494 -0.672144 0.519197 -0.501691 0.20294 -0.772153 -0.580771 -0.396471 -0.315951 0.0739423
0.202787 -0.572819 0.0943247 -0.284556 -0.326518 -0.700038 -0.778534 -0.823963 -0.626383 -0.0166547 0.332521 -0.273392 -0.540752 0.182369 0.150262 0.108161 -0.765135 -0.481969 -0.800579 -0.704662 -0.778874 -0.358194 -0.291129 0.176048 -0.010695 -0.527736 -0.117791 -0.840946 0.184032 -0.842062 -0.705529 -0.0224432 -0.477926 -0.784518 -0.0317682 -0.530296 -0.472223 -0.374585 -0.383477 0.0658205 -0.325785 -0.234703 -0.624149 -0.402625 -0.127101 0.129185 -0.32492 0.109043 -0.0993273
-0.691328 -0.626646 -0.415662 -0.379288 0.0753617 -0.35357 0.167237 -0.318391 0.108737 -0.512195 0.0131495 -0.125807 0.012998 -0.00390191 0.347993 -0.548262 -0.645615 -0.265622 -0.962375 -0.660637 0.281129 -0.693644 -0.20668 -0.383323 0.127487 -0.0339213 -0.00333729 -0.402813 0.00665052 -0.18364 0.0411194 0.0411678 0.355493 -0.693258 -0.575401 -0.22407 -0.870132 0.0348652 0.250536 -0.215976 -0.0189968 0.209262 -0.678752 -0.0807904 -0.0566259 -0.858089 -0.821913 -0.564137 -0.408213
-0.337564 -0.419485 -0.91475 -0.119605 0.0917254 -0.827305 -0.549861 0.128499 0.134717 0.198745 -0.0106983 -0.889471 -0.501882 -0.501957 -0.120035 -0.441822 -0.57927 -0.741802 -0.0226264 -0.678259 -0.789198 -0.636929 0.397447 0.135259 0.134813 -0.418434 0.117343 -0.48663 0.183578 -0.142098 0.301714 0.0715789 -0.57529 -0.853923 -0.539086 0.423636 0.0205798 -0.748956 -0.651225 0.116839 -0.119165 0.304256 -0.591784 -0.730619 -0.663679 -0.325154 -0.248192 -0.757897 -0.806074
0.168058 -0.610207 -0.219289 -0.176406 0.104731 0.0231306 -0.104597 -0.637638 -0.221539 -0.846196 0.225255 -0.00209684 -0.438457 -0.123998 -0.126634 -0.192168 -0.146553 0.0772905 -0.284404 -0.912408 0.209031 -0.403022 -0.47908 0.0299169 0.158194 -0.0469045 -0.826872 -0.176634 -0.389525 -0.311646 -0.0722083 -0.828229 -0.422989 0.00373891 -0.804424 -0.460859 -0.522514 -0.89499 0.0414992 -0.337703 -0.302649 -0.579814 -0.0408036 0.171537 0.238417 -0.648485 -0.283878 0.194163 -0.568477
-0.921824 -0.235926 -0.406943 -0.480664 -0.330759 -0.131916 -0.0693211 -0.37031 -0.556063 -0.0894445 -0.500488 -0.206563 -0.713524 -0.602825 -0.55253 -0.411817 -0.112785 -0.312165 -0.166602 -0.849873 0.239186 0.164363 -0.291334 -0.416858 -0.375277 -0.712752 0.24935 -0.110012 0.458228 -0.0937494 0.319446 0.166373 0.027503 -0.0502819 -0.42918 -0.398289 0.0303174 -0.429821 -0.160897 -0.506874 0.138904 -0.20412 -0.817328 0.014104 -0.373594 -0.413823 0.0229322 0.0996636 0.143307
-0.398995 -0.881782 -0.127006 -0.404462 -0.597098 -0.856916 -0.558626 -0.159214 -0.529218 -0.140884 0.143931 0.101273 -0.047614 -0.49293 -0.538737 -0.761759 0.300792 0.0240632 -0.102255 -0.605744 0.534475 -0.801173 0.0400269 -0.680102 -0.720614 -0.314482 0.0165139 -0.359085 0.540234 -0.846428 0.472263 -0.750054 0.251168 -0.90031 0.0924593 0.494338 0.217282 -0.132073 0.422828 -0.115217 -0.289352 -0.175554 -0.248513 0.036441 0.14516 -0.726837 0.109105 -0.124626 -0.312575
-0.136542 -0.36396 -0.815104 -0.41088 -0.515144 -0.775728 -0.423623 -0.632105 -0.897188 -0.37969 0.948291 0.28749 -0.212096 -0.0419333 0.178168 0.238654 -0.63818 -0.260924 -0.461982 -0.266489 0.535239 -0.284008 0.53297 0.0120918 -0.144184 -0.920013 -0.375468 -0.245831 0.0406593 -0.541897 0.90043 0.285452 0.0754183 0.237118 0.60257 0.011918 -1.2136 0.00550168 0.696909 -0.72836 -1.19568 -0.565207 0.379105 -0.0397026 -0.0558182 -0.931855 -0.62536 -0.161014 -0.0935754
-0.366246 -0.162053 -0.471371 -0.248448 -1.1964 -0.625909 -0.331518 -0.362531 -0.386223 0.236218 -0.0995549 0.388801 -0.00616054 0.0134648 0.271491 -0.533678 -0.406199 0.221511 0.0932479 -0.228247 0.248736 0.232264 -0.531914 -0.356241 -0.833648 -0.252423 -0.457515 0.0593322 -0.0556058 0.0772792 0.170747 0.20231 -0.573736 -0.106259 -0.0321331 -0.445636 -0.680628 -0.591984 0.253177 -0.959534 -0.938824 -0.828066 -0.215399 -0.0784207 0.240652 -0.715857 0.240938 -0.684641 -0.135976
0.165087 -0.209726 -0.550562 -0.270236 -0.121476 0.038686 -0.76958 -0.649579 0.124424 -0.211189 0.227494 -0.381699 -0.495939 0.195849 0.301229 -0.396327 -0.148456 -0.648031 -0.0651944 -0.558842 -0.156961 -0.183847 0.0343017 -0.69667 0.0364172 -0.821332 0.26415 -0.0883715 -0.32656 -0.56412 0.371421 0.221402 -0.719151 0.0796385 -0.514195 -0.447195 -0.085097 -0.748761 -0.327184 -0.405686 -0.645577 -0.62626 -0.668599 -0.821694 -0.502177 -0.359265 -0.0264406 -0.0481472 0.116368
-0.366959 -0.0426651 0.0268573 0.380349 -1.26205 -0.775896 -0.580112 0.184803 -0.209086 -1.1986 0.307598 0.237164 -1.02808 -0.177592 -0.227731 0.0616683 -0.444195 -0.832107 -0.192293 -0.0464597 -0.507229 -0.283648 0.204442 -0.82875 -0.205983 0.0770052 -0.0469734 -0.382094 -1.00692 0.460934 0.326318 -0.0798744 -0.532993 -0.669402 -0.133338 -0.144072 -0.948296 0.0186158 0.922163 -0.00675515 -0.219931 -0.493789 0.225791 -0.0106231 0.22957 -0.911485 -0.225246 -0.516716 -0.138865
-0.0320872 -0.463817 -0.324264 -0.2321 -0.132591 -0.730082 0.108463 0.321102 -0.237283 0.273786 0.53045 -0.253837 -0.247837 0.567749 0.430788 -0.716747 -0.404402 0.216354 -0.0958781 -0.377293 0.637327 -0.805288 0.520581 -0.421287 -0.237402 -0.00256625 -0.268457 -0.771521 -0.517282 -1.09275 0.269308 -0.496237 -0.659027 -0.154657 -0.460673 -0.602225 -0.966171 -0.405324 0.391713 -0.835091 -0.356086 -0.312149 -0.293519 -0.71095 -0.234168 -0.623263 -0.657581 -0.727498 -0.579572
-0.677685 -0.935442 -0.110901 -0.197391 -0.410343 -0.0172418 -0.0172009 -0.821912 -0.449633 0.079436 -0.25064 -0.251032 -0.308133 -0.13023 -0.503271 -0.152112 0.595302 0.214488 0.280877 -0.453743 -0.803303 0.0132903 -0.187458 -0.621251 -0.785934 -0.462416 0.0138313 0.235077 0.560831 -0.0574664 -0.035993 0.080584 0.472846 -0.883957 1.08258 -0.107165 -0.14091 -0.144351 -0.538902 -0.125723 0.0188046 0.214093 -0.610135 -0.770594 0.225849 -0.358015 -0.427572 0.0306377 -0.0114844
-0.673527 -1.05296 -0.475955 0.13162 -0.799203 -0.798348 -0.0841318 -0.142237 -0.55617 0.57966 0.750562 -0.51606 -0.409974 0.177095 0.0372152 -0.0636268 0.258936 0.146598 0.0805807 -0.858562 -0.36828 -0.58716 -0.285061 -0.771115 -0.688543 -1.3298 -0.222296 0.493108 0.990774 -0.880688 0.720788 0.172374 0.499103 0.15921 1.64275 0.680539 -0.135108 -1.05276 0.196187 -1.02145 0.239001 -0.0471965 0.255016 0.189531 -0.456051 -0.921374 -0.158795 -0.0347566 0.0423704
-0.0754594 0.0756766 -0.101836 0.236142 0.107358 0.0259515 0.777169 -0.0866447 0.184855 0.0647296 0.166939 0.0467879 0.0197245 0.112816 0.386199 0.43653 0.056646 0.0438371 0.438893 0.137218 0.233593 0.578152
0.265853 -0.69958 -0.0810096 -0.0684278 0.135739 -0.317603 0.0491273 -0.103538 -0.136642 -0.214818 0.139442 -0.585523 -0.763261 -0.754123 -0.34744 -0.351254 0.258287 0.254556 0.0818091 0.0105755 0.0550378 -0.692929
-1.00142 -0.257071 0.0483172 -0.50181 -0.665927 -0.311574 -0.03757 -0.676286 -0.76405 0.223427 0.121466 -0.453856 0.142705 -0.301388 -0.371021 -0.289004 0.165068 0.137744 -0.101749 -0.451873 -1.12664 -0.270621
-0.802237 -0.537878 0.11245 -0.767226 -0.342996 -0.0245177 0.725387 -0.639592 0.403289 -0.52444 -0.209162 0.194691 0.22146 -0.277077 -0.23935 0.160244 -0.247185 -0.958966 -1.12018 -0.0769324 -0.504166 1.28904
-0.164461 -0.89753 0.220107 -0.336712 -0.570132 -0.451928 -0.732296 0.28684 -0.295148 -0.067649 -0.638819 -0.694801 -0.517479 -0.152053 -0.436451 -1.18603 -0.846413 -0.49503 -1.15362 -0.860042 -0.702744 -1.17719
-0.610187 0.097377 -0.635384 -0.203031 -0.941071 -0.239406 -0.818598 -0.32478 -0.389762 -0.619425 -0.0274453 -0.172181 -0.210346 0.175628 -0.133186 -0.938094 -0.331446 -0.500783 -0.283291 -0.0460614 0.0566289 -1.08408
0.124206 -0.965014 0.0580352 -0.884796 -0.0103313 -0.49705 -1.69899 0.265474 -0.709941 0.0562657 -0.411417 -0.91752 0.181868 0.188164 -0.548003 -0.787771 -0.589962 -0.0098353 -0.459621 -0.210971 -0.3342 -1.14102
0.360735 -0.701087 0.0446664 -0.0264545 -0.791397 -0.856129 -1.7791 0.320984 0.151874 -0.116462 0.067786 -0.334412 -0.321753 -0.917564 -0.302059 -1.33975 -0.768064 0.0335884 -1.36795 -1.15867 -0.600573 -1.1148
-0.0561833 -0.221508 -0.851572 -0.0267541 -0.326028 -0.287012 -0.123908 -0.731213 -0.462459 -0.104432 -0.145972 -0.0845817 -0.302808 -0.814039 -0.948084 0.538437 0.0893803 -0.0385162 -0.214289 -0.650769 0.025718 -0.807407
-0.882121 -0.434808 -0.20215 -0.125388 0.146464 -0.135271 -0.214676 0.0459678 -0.635033 -0.959658 -0.496004 -0.794562 -0.41788 -0.158418 -1.07112 -0.611195 -0.274657 -0.605907 -1.10693 -0.857538 0.13024 -0.592649
-0.515627 -0.246446 -0.268101 -1.10968 -0.851823 -0.128539 -1.52506 -0.0396362 -0.489464 -0.74642 0.0957244 -0.475853 -0.303706 -0.648005 0.0616163 -0.624576 -0.384825 -0.260181 -0.215213 -0.866561 -0.619196 -0.299754
-0.935881 -0.99751 -0.235431 -0.641229 -0.995789 -0.790284 -0.809545 -0.211178 -1.05069 -0.775695 0.0126492 0.00667256 -0.176557 0.240358 -0.19619 -0.871994 0.0348709 -0.530485 0.0611649 -0.930204 -0.792428 -1.00617
0.0670737 0.281405 0.225668 -0.07458 -0.97148 0.000281918 -1.25363 0.0764516 0.0512232 -0.170338 -0.953782 0.293846 -0.533066 0.0180651 -0.116791 -0.711627 -0.115448 -0.687143 -1.0577 0.0821972 0.0647915 -0.58054
0.250756 -0.72874 -0.36699 -0.714981 0.0463466 -0.838865 -0.75846 -0.73485 -0.917649 -0.489609 -0.948023 -0.107183 0.0410777 -1.04855 -0.683256 -1.13967 -1.07612 0.0615032 0.0807135 -1.11079 -0.696681 -0.876112
-0.00235085 -0.648241 -0.381293 -1.05227 0.22285 -0.942106 -0.620777 -0.172189 0.151246 -0.34449 -0.834574 -0.713114 -0.475843 -0.642412 -0.100074 -0.65047 -0.615214 0.0709481 0.512728 -0.975525 -1.10856 -1.21366
-0.272729 -0.740854 -0.316316 -0.413536 -0.351323 -0.187961 -0.968291 -0.068057 -0.388247 -0.296341 -0.94811 0.119684 0.178218 -0.0013453 -0.468065 -0.375193 -1.15932 -0.173832 -0.768108 -1.07814 -0.439711 -1.22885
-0.0572959 0.119608 -0.725802 -0.0255056 -0.926787 0.1676 -1.05699 -1.02851 0.0233942 -0.535168 -0.39944 0.105532 -0.229163 -0.174558 -1.25078 -0.889705 -0.0518016 -0.952763 -0.595183 -1.04268 -0.460163 -1.56447
-0.20575 -0.878344 -0.0141921 -0.109159 -0.246189 -0.205641 -1.28291 0.219108 -1.07093 -0.361578 -0.735728 -0.607227 -0.858267 -0.822189 -0.0452713 -1.27526 0.0254622 -1.06305 -1.16751 -0.5888 -0.637001 -1.06608
-0.138347 -0.239121 -0.168622 -0.862147 0.024215 -0.337512 -1.39985 -0.414615 -1.05648 -0.055845 -0.341758 -0.718393 -0.174167 0.16883 0.0541703 -0.826922 -0.647583 -0.57113 -0.446956 -0.648316 -0.359191 -1.06482
0.343215 -0.740255 -0.111931 -0.23034 0.348302 0.0566284 -0.822693 -0.381129 -1.04682 -0.602681 -0.0272868 -0.201197 -0.0979825 -0.831956 0.022878 0.0831078 0.0180701 0.257212 0.396661 -0.433176 0.152057 -0.787382
-0.698286 -0.41216 0.13569 -0.131052 0.100257 -0.771801 1.66691 0.311206 -0.543562 -0.655618 -0.676431 -0.528409 -0.9782 -0.410125 0.402747 0.484658 -0.682049 -0.154831 -0.144509 0.285492 -0.0994525 0.493794
-0.335768 -0.310419 -0.293249 0.17428 0.333664 -0.0813057 0.094295 -0.0458059 0.0514988 -0.966453 -0.0979197 0.231658 -0.150172 -0.0287298 -0.10268 0.148496 -0.962371 -0.820484 0.159886 0.167582 -0.38544 -0.552003
0.201952 -0.418325 0.314662 0.0185986 -0.0971902 -0.446887 -0.48495 -0.905634 -0.252159 -0.0451377 -0.875667 -0.0354634 -0.879643 -1.03914 -0.829202 0.407966 -0.149871 -0.542796 1.14544 -1.12526 -1.08914 -2.09008
-0.847283 -0.410395 -1.04323 -0.941944 -0.57659 -0.512102 -0.382741 -1.02348 -0.536102 -0.810977 -0.882665 -0.396954 -1.00518 -0.402562 -0.0559155 -0.569494 -0.110972 0.0104015 -0.316126 -0.198725 -0.100947 -0.930322
-0.50573 -0.182781 -0.324873 -0.740312 -0.430666 -0.672707 -1.23628 -0.731348 -0.600088 0.32014 -0.37063 -0.461374 0.288775 -0.997736 0.0727041 0.154962 -0.648954 -0.958447 0.181351 -0.965765 -0.0745376 -1.28571
-0.640199 0.0916059 -0.0198844 -0.297296 -0.634293 0.132419 0.168103 -0.815531 -0.464094 -0.0455119 0.288491 -0.276969 0.350454 -0.352778 -0.566907 -0.583867 -0.15438 -0.374476 -0.466031 -1.04496 -0.678033 -1.2321
-0.31665 -0.113381 -0.633213 -0.409019 -0.262695 -0.0478455 0.484287 -0.241681 -0.118403 0.373533 0.331519 -0.0938159 -0.810479 -0.538945 -0.147928 -0.205913 0.184916 -0.620003 0.561229 -0.377788 -0.839774 -1.15134
-0.0242556 -0.704066 -0.194004 -0.192963 -0.682912 -0.867037 -0.0450507 0.17273 -0.529448 -0.770736 -0.469143 0.281298 -0.928961 -0.0611087 -0.040576 -0.191252 0.215298 -0.767016 -1.02928 -1.00101 0.469846 -0.204103
-0.700126 -0.686441 0.0839605 -0.313012 0.219511 0.0503998 0.949889 -0.942665 0.180099 -0.154225 -0.121391 -0.245745 0.130517 0.162867 -0.115395 0.144331 0.237191 -0.618129 0.457285 0.29678 0.279112 0.284209
0.14379 -0.0234066 0.0439007 0.708223 0.217785 0.776466 1.17357 0.244192 -0.17587 0.161764 0.203362 0.0498831 0.530846 0.760844 0.307393 0.878811 0.797273 0.52176 0.281723 0.446597 -0.140886 1.26406 -0.152886 0.593855 0.259321 0.347455 -0.0463507 0.561476
-1.37999 -0.933485 -1.28964 0.0733988 -0.745481 -1.00307 0.156949 -0.851653 -0.0477117 0.044688 -0.875547 -0.920242 -0.625779 -1.03556 -1.16912 -0.931622 -0.126092 -0.893287 0.137072 -1.09297 -1.0807 0.0830782 -0.455317 -0.714808 0.231946 0.0306495 -0.126795 -0.238754
-0.693699 -0.577359 1.47646 -1.72463 -1.04186 -1.91336 -2.1568 -0.388438 0.168333 -1.1307 -0.375684 -0.233958 -1.31174 -1.23029 -1.16572 -2.3212 -1.18408 -0.869207 -0.804101 1.20136 -0.282554 -2.69424 0.222873 -1.45784 -0.924237 -0.0748025 -0.0581 1.07446
0.266523 -0.529486 1.12637 -0.918795 0.0518148 -0.941586 0.240857 -0.860764 -0.887343 -0.0338283 -1.5911 -0.26475 -0.755639 -1.35452 0.0128837 -0.649778 -1.19504 -0.853987 -0.375718 1.44841 -0.215077 -2.03699 -0.899138 -1.42259 -1.2032 -1.38338 0.753485 0.193609
0.472659 0.274578 -0.176401 -1.90481 -0.238396 -1.87388 -2.65218 0.749508 -1.10735 -1.49764 -1.33539 -1.47222 -1.35426 -0.46145 -1.57492 -1.36316 -2.28758 -1.54136 0.468642 1.63563 0.453641 0.803804 -0.952455 -0.636879 0.0782466 1.3462 -0.540413 1.93322
-0.342454 -0.154086 0.368843 -0.512965 0.290127 -1.12804 -0.429243 -1.06938 -0.994425 -1.1869 -1.12002 -0.081492 -0.888406 0.239628 -0.663612 -1.26953 -0.543091 -0.501016 -0.112931 -0.902254 -1.16434 -0.752364 -0.636476 -1.03065 0.000633375 -1.01035 -0.0303932 -1.22618
-0.204681 2.07746 1.22806 2.58575 -0.146484
-1.97423 -3.97211 -3.84392 7.00302 -1.74467
0.0625692 -5.91471 -0.0159408 -6.65947 -0.0282589
-1.92591 6.2043 2.18059 0.857993 -1.71264
-3.3425 3.31362 -4.84531
0 0 0 0 0 0 0 0 0 1 1 1 0 0 0 1 0 0 0 1 0 0 1 0 0 0 1 0 0 1 0 0 0 1 0 0 0 1 1 1 0 0 1 0 0 0 0 0 0