3 49 17 3
0.0113099 -0.493344 -0.657898 -1.04953 -0.436835 -0.0439811 -0.227998 -0.240788 -1.17937 0.103131 0.229613 -0.419846 -1.00296 0.182267 -0.848831 0.415 -0.661097 -0.756452 -0.502082 0.243129 0.0438704 -0.548683 0.224343 -0.0059019 0.311022 -0.182034 0.0396815 -0.587073 -0.0548767 -0.211188 -0.574237 -0.235989 -0.332575 0.341656 -0.379361 -0.615883 -1.05771 0.0993155 0.0161711 -0.442844 -0.117344 -0.111112 0.535534 -0.0468093 -0.370289 -0.553856 -0.740574 -0.308818 -0.0221553
-0.927822 0.0476113 0.660026 -0.419733 -0.269109 -0.352466 0.0779464 -0.555771 -0.704015 -0.868615 0.280666 0.0301517 -0.48152 -0.612345 0.904891 0.260138 -0.0388032 -0.209191 0.38626 0.584167 -0.668878 0.38236 -0.122483 -0.804594 -0.434168 0.049359 -0.0327609 -1.23024 -0.878191 0.816523 -0.272494 -0.45462 -0.907148 -0.113561 -0.985635 -0.846536 -0.401615 0.0806726 0.150121 0.133633 -1.0051 -0.767474 0.37955 -0.55372 -0.380882 -1.03306 0.00677618 -0.602346 -0.0458566
0.549201 0.0842823 0.235195 -0.184912 0.718425 -0.867021 0.181079 0.130586 -0.0277354 -0.230682 -0.760322 -0.619521 -0.776216 -0.444458 -0.469562 -0.812544 -0.79157 -0.456788 0.0683587 -0.545256 -0.812723 0.49067 -0.682301 0.198712 -0.219329 -0.220046 0.136594 -0.481877 -0.262711 0.165104 0.207894 0.476589 0.229108 0.305858 -0.449818 -0.916213 0.115117 -0.109606 -0.838968 -0.133749 -0.0297914 -0.581472 -0.480203 -0.810609 -0.30291 -0.464137 -0.421866 -0.306732 0.100568
-0.385078 -0.479075 -0.429917 0.0134317 0.159788 -0.485967 -0.263436 -0.369076 -0.826499 -0.133894 -0.706014 -0.400747 0.0498524 0.21112 -0.863031 -1.08073 0.143276 -0.786712 0.736262 -0.0867741 -0.487773 -0.573632 0.392434 -0.900235 -0.844755 -0.639974 -0.439298 -0.593629 -0.1882 -0.695302 -0.170856 -0.875938 -0.434415 -0.243974 0.129749 0.603619 0.352856 -0.517511 -0.167362 0.293714 -0.219908 -0.0206107 0.119873 -0.713955 0.0714495 -0.501114 -0.556066 -0.356109 -0.76519
-0.852962 -0.733285 -0.909724 -0.82814 -0.784155 -0.778008 -0.62901 -0.0413841 0.00875385 -0.748015 -0.185615 -0.835659 0.307099 -0.506491 -0.804808 -0.466914 -0.83577 -0.5555 -0.378864 0.191278 -0.00646222 -0.232116 -0.442313 -0.194104 -0.185815 -0.251714 -0.484305 -0.38916 0.146961 0.146651 -0.628424 -0.128844 -0.651501 0.127137 -0.75458 -0.151093 -0.154044 -0.763736 -0.449114 -0.628904 -0.201798 -0.258718 -0.250896 -0.901199 -0.263108 -0.265568 0.283721 -0.0990028 -0.313074
0.291858 -0.205491 -0.239876 -0.771482 -0.545095 0.00166187 0.147593 -0.408466 0.203517 0.241757 -0.8647 -0.734555 -0.577868 0.309274 0.175376 -1.01093 -0.133363 0.268264 -0.603671 -0.350837 -0.0631184 -0.554588 -0.11187 -0.743367 -0.159552 -0.79032 0.0556287 -0.516785 -0.432261 0.0465487 -0.696642 -0.389938 -0.276777 0.0781886 -0.0890599 0.193089 -0.656623 -0.536799 -0.0954003 -0.115023 -0.358162 -0.699166 0.167 -0.367187 -0.56869 -0.485987 0.151578 0.149819 -0.490558
-0.524521 0.00387842 -0.0662203 -0.325344 -0.508664 -0.596834 -0.749026 -0.652196 -0.0182454 0.0483688 -0.37237 -0.722462 -0.818747 0.0455928 -0.899462 -0.867256 0.276023 -0.401949 0.0138844 -0.419205 -0.616283 -0.900833 -0.338667 -0.769291 -0.544947 -0.77742 -0.679842 -0.229 -0.853252 -0.414914 -0.465282 -0.542986 -0.635756 -0.632663 -0.354568 -0.331047 0.0247032 0.00474493 -0.320401 -0.687857 -0.435163 0.229569 -0.429442 0.287672 -0.185081 -0.616698 0.0230803 -0.0683069 -0.152953
-2.5151 -0.802759 0.113352 0.107639 -2.45989 -0.842237 -0.581797 0.267578 -0.778627 -0.912149 1.13845 0.331623 -1.31399 0.469213 0.116663 -0.430301 0.0894895 -0.117944 -0.0474052 0.203247 0.24599 -0.236034 0.43165 -0.638063 0.0943135 -0.309975 1.05036 -0.0170395 -0.0440302 0.0578184 0.695783 0.378048 0.0666829 -0.200262 0.915852 0.905954 -1.48732 -0.360026 0.532337 -0.841964 -1.27781 -0.0819576 -0.259659 -0.819931 -0.451526 -1.1557 -0.685263 -0.644681 -0.776378
-0.563645 -0.38461 -0.28948 -0.119646 -0.578607 -0.0811736 -0.0872457 -0.621256 -0.826363 -0.719826 0.0894113 -0.56603 -0.102193 -0.205576 0.244885 -0.207031 -0.126519 -0.661866 -0.730772 -0.368094 -0.718337 -0.464103 -0.819334 0.269773 0.11246 0.142574 -0.407569 0.31053 0.334761 -0.023296 -0.834585 -0.0932449 -0.368135 -0.128833 -0.217919 -0.370891 -0.795653 0.0503908 -0.458843 -0.814313 -0.585749 0.214031 -0.629492 -0.161007 0.0486781 -0.279523 0.298011 -0.377447 -0.743502
-0.0467776 -0.309052 -0.780346 -0.343289 -0.224792 -0.0415498 0.105741 -0.894407 0.219621 -0.18898 -1.0024 -0.468759 1.25597 0.160415 -0.646475 0.704605 -0.026481 0.230168 -0.17641 0.616601 0.139508 -0.733172 0.244849 -0.824774 -0.435059 -0.499328 -0.337392 -0.624822 -1.05537 -0.25615 -0.218338 0.133698 -0.586443 0.526094 -0.847235 -0.0885867 0.827781 -0.204251 0.167502 -0.184143 0.109057 -0.592547 -0.213771 0.231137 -0.808903 -0.666197 -0.340284 -0.429738 -0.420801
-1.04515 -0.0315179 -0.0191019 0.115562 -0.629564 -0.430582 0.27258 -0.0129572 -0.504568 -0.901091 0.0604455 0.401195 -0.517138 -1.12194 0.570557 -0.222465 -0.0901908 -0.464595 -0.68422 0.402543 -0.0658804 -0.359308 -0.413873 -0.148588 0.16779 0.665489 0.314499 -1.14189 -0.676691 0.29166 -0.758801 0.405092 -0.342827 -0.113085 -0.250304 -0.445202 -0.627845 0.509101 0.057752 0.0792258 -0.84521 -0.989812 0.510446 0.100903 0.0813967 -1.0115 0.0436119 -0.813321 -0.506018
-0.866417 0.579008 0.937376 -0.314779 -1.59423 -0.732206 -0.630278 0.123945 -0.760267 -0.375683 0.0607129 -0.154234 -1.59168 -0.66567 0.89805 -0.0854431 -0.711138 -0.50014 -0.395226 0.682695 -0.18895 -0.290266 -0.21448 -0.733132 0.5267 -0.06585 0.064414 -0.685002 -1.43081 0.0778246 0.0607052 0.0122214 -1.44501 -0.150097 -0.76045 -0.549883 -0.801464 0.22349 1.0851 -0.450172 -1.00771 -0.135207 0.42776 0.0713772 0.235895 -1.28708 -0.269665 -0.539507 0.183038
-0.267654 0.287542 -0.265432 -0.0402832 -0.0117979 -0.0724261 -0.0750728 -0.645435 -0.284265 -0.950503 -0.141328 0.529414 -0.313344 -0.706263 0.468098 -0.0162987 -0.331496 -0.203812 -0.542267 -0.0656235 -0.781513 0.00743484 -0.297308 -0.537763 0.345827 -0.689131 0.510817 -0.692947 -0.399423 0.45066 0.0328661 -0.590163 -0.75737 -0.150454 -0.821838 -0.614155 -0.693758 -0.0808176 0.0179246 -0.461498 -0.792872 -0.737407 -0.621668 0.230394 -0.424834 -0.435361 -0.0302331 -0.412661 -0.269308
-0.0158512 -0.332197 -0.565294 -0.79267 -0.14407 -0.0873976 -0.386542 -0.670893 -0.342203 -0.457062 -0.119604 -0.77077 -0.676022 -0.0539696 -0.555063 0.111418 -0.826224 -0.79554 -0.345425 0.0975792 -0.599117 0.240772 -0.421774 0.271903 -0.380676 -0.134024 0.213528 -0.551836 -0.231548 -0.276381 0.174632 -0.761878 -0.475118 -0.378729 0.0186843 -0.228281 -0.692708 -0.59644 -0.600513 -0.531668 0.222083 0.247326 -0.804073 -0.273816 -0.653331 -0.639212 -0.200177 -0.103358 0.0586688
-0.724823 -0.677072 -0.842356 -0.0667395 0.211356 -0.0185849 -0.867919 -0.587307 0.128401 -0.253357 -0.336382 -0.639161 -0.438709 -0.528156 -0.641279 0.615568 -0.230195 -0.332477 -0.481061 0.223861 -0.3032 0.467708 -0.851625 -0.696011 -0.804058 -0.50301 -0.939864 0.515019 -0.918127 -0.0554681 -0.680334 -0.468059 -0.343658 -0.00529131 -0.616285 -0.129475 -0.499175 -0.366571 -0.659135 0.832646 -0.310013 -0.631761 -0.780006 -0.395551 -0.207109 0.818888 0.0312492 0.158922 -0.364766
-0.427602 0.152932 0.350203 0.102899 -0.43219 -0.85345 -0.578233 0.223062 -0.75055 -0.604508 -0.513963 -0.0148861 -0.0722116 0.228428 -0.735046 0.0685136 -0.183048 -0.350945 -0.640769 -0.559763 -0.0721426 -0.431373 -0.4206 -0.383902 0.304039 0.0844706 0.3122 -0.516999 -0.322416 0.351585 -0.463729 -0.291649 -0.122507 -0.841855 -0.172738 -0.299208 -0.668696 -0.219049 0.178542 -0.524908 -0.522431 -0.718325 -0.369778 -0.202053 0.167728 -0.044048 -0.814836 -0.526915 -0.0388458
-0.995664 -0.779228 -1.58274 0.357629 -1.34731 -0.574346 -0.282094 0.118942 -0.152064 -0.0570137 0.623893 -0.521904 0.110672 1.10217 -0.762173 -0.227965 -0.0193854 -0.126002 -0.292972 -0.215409 0.0574378 -0.389725 -0.207716 -0.790361 -0.925256 -0.517623 0.864331 0.0853081 1.38262 -1.19967 1.25304 0.492257 0.345194 -0.711863 1.99627 1.01206 0.197937 -0.993916 -0.300342 -0.536824 -0.583888 -0.0742266 0.0295399 -0.483064 0.291216 -0.447953 -0.600685 -0.140725 -0.769121
0.394302 0.632769 0.199524 0.288082 -0.023962 -0.222936 -0.0653021 1.24206 -0.0117892 -0.0345002 0.45973 0.718538 0.355055 0.00621201 0.143845 0.0669189 0.612618
1.47945 2.37026 -0.845509 -0.883555 -1.37473 -0.931407 -1.52804 2.27841 -0.528434 -1.62994 1.89741 2.95832 0.31708 -0.409654 -1.78685 0.480376 -2.67702
-0.951459 0.0488105 0.449278 -1.98433 -0.445833 -0.970458 -0.378389 -4.43457 -0.572064 1.42805 -0.904548 -2.93222 -1.62487 -0.625618 1.58355 -0.285022 -3.73646
-0.170915 -2.95603 -1.06753 0.209744 -0.819515 -0.990079 -0.606633 1.97909 -0.405386 -1.96696 -2.11886 -1.52763 -1.74602 -0.0171216 -1.21569 -0.211232 4.54437
-3.99799 3.70868 -1.37043
0 0 0 0 0 0 0 0 0 1 1 1 0 0 0 1 0 0 0 1 0 0 1 0 0 0 1 0 0 1 0 0 0 1 0 0 0 1 1 1 0 0 1 0 0 0 0 0 0