4 49 10 5 3
-0.636183 -0.219804 -0.823425 -0.769337 0.335197 -0.830019 -0.237732 0.0326045 -0.76657 -0.721959 -0.355473 -0.874122 -0.81043 -0.541431 -0.308727 0.0796506 0.258813 -0.603723 0.0434615 -0.241612 -0.791184 0.264517 0.132225 0.0701424 0.18973 0.18254 0.0637262 -0.779463 0.25275 -0.102472 -0.961116 -0.910048 -0.793007 -0.589132 -0.570089 -0.43422 -0.45178 -0.267199 -1.021 -0.63822 0.0962414 -0.771348 -0.53536 -0.528976 -0.244507 0.242894 -0.706733 -0.0683877 -0.737567
-7.66019e-05 -0.295315 -1.75834 0.851717 0.361159 0.276688 -0.431558 -0.66318 0.371357 0.701388 0.48853 -0.573548 1.16084 0.885704 -1.17812 0.152949 0.00583817 -0.791636 0.186766 -0.878597 0.555067 0.35837 0.180007 0.224614 -0.694105 -0.0528038 -0.364087 0.481569 2.02927 -1.24244 0.44614 0.236684 1.7346 -0.313888 1.43903 -0.0264674 0.462263 -0.496093 -0.726982 -0.213494 0.868377 0.304291 -1.16111 -0.183068 -0.525151 -0.00950939 0.0908353 -0.488186 -0.340912
0.51841 0.181915 -1.0169 -0.323427 0.236999 0.306555 0.00991938 -0.343482 -0.130496 -0.70146 -0.328868 0.0180513 -0.168319 -0.459544 -0.591798 -1.00256 0.340628 -0.397694 -0.724995 -0.514871 -0.0234959 0.155974 -0.443583 -0.0856196 -0.329011 0.0605512 -0.939315 -0.650247 -0.411157 -0.286006 0.175158 -0.684061 -0.284844 -0.196652 -0.326688 -0.0309609 -0.207723 -0.152898 -0.150001 -0.276101 -0.698832 -0.370336 -0.80158 -0.556807 0.318306 0.240207 -0.40142 -0.906026 -0.879657
-0.172163 -0.493354 -0.765485 -0.546639 -0.14105 -0.333919 -0.529722 -0.593544 -0.107878 0.121711 -0.483774 -0.25877 -0.580724 -0.76337 -0.905665 -0.760478 0.591774 -0.351705 0.44425 -0.620187 -0.407302 -0.0267321 -0.54816 -0.577093 0.210782 -0.841013 0.173112 -0.0894292 -0.401374 -0.736475 0.0683115 -0.684032 -0.0493217 -0.899777 -0.594144 0.0336563 0.589477 0.126552 -0.613265 -0.185621 -0.261249 -0.403276 -0.580494 -0.388578 -0.650528 -0.193437 -0.00579721 -0.700086 -0.311025
-0.142271 -0.665103 -0.476914 0.0722875 -0.109972 0.0406012 -0.431067 -0.194126 -0.922829 -0.0913371 -1.2877 0.0572589 -0.0255071 -0.304721 0.00865216 -0.296193 -0.0575569 -0.435452 -1.0513 -0.36621 0.214532 -0.0813136 -0.591387 -0.413649 -0.769568 -0.555415 -0.726209 0.923326 0.103948 0.114031 -1.00457 -0.0754825 -0.818321 -0.0883648 -0.267029 -0.498952 -0.485773 0.0261938 -0.948333 0.510047 -0.420858 0.122217 -0.893148 -0.0822134 -0.506621 0.0678159 0.11108 -0.748033 0.228224
-0.255844 -1.23386 -0.607501 0.597025 -0.495138 -0.246311 -0.525804 -0.12254 0.185114 0.200914 0.763442 -0.256945 -0.0849312 0.635457 -0.376766 -0.657953 0.166176 -0.0178559 -0.655947 -0.428605 0.419714 0.0701664 0.53913 0.255692 0.0345678 -1.2048 -0.340554 0.0411329 -0.177611 -0.39756 0.831622 0.150052 -0.015598 -0.524862 1.49502 0.639003 0.188551 -0.768069 -0.289989 -0.326676 0.0743518 0.0421871 -0.254407 -0.385194 -0.953543 0.0506774 -0.453472 -0.638941 0.0941204
-0.490315 -0.644833 -0.84834 -0.0680852 -0.689127 -0.327953 0.181532 -0.332398 1.32025 0.86534 -1.64171 -0.44596 1.69789 -0.781835 -0.342152 0.563779 -0.252882 0.0535597 -1.02885 0.231805 -0.825168 0.322184 -0.541792 0.204204 -0.684296 -0.767265 -0.960957 0.213786 -1.88127 -0.619143 -0.695477 -0.766062 -1.49868 0.656958 -0.695309 -0.086199 1.63752 -0.343424 -0.532931 0.480112 1.0447 -1.1001 -0.748815 -0.237242 -0.818026 1.42052 -0.476035 -0.0428189 0.155236
-1.82282 -0.127717 0.233111 0.448711 -1.36307 0.223584 -0.0420324 0.26669 -0.21495 0.526948 0.127129 0.16799 -0.171536 -0.605762 -0.631074 -0.510887 -0.03274 -0.709611 -0.53334 0.615219 0.490562 0.512122 0.124982 -0.0371507 -0.00408416 -0.188433 1.12331 0.595305 -1.0077 0.682875 0.0876323 -0.392289 -0.232632 0.19809 0.350863 0.608203 -0.376365 -0.268628 0.712195 0.543106 0.463387 0.194176 -0.13516 -0.894845 -0.225552 -0.167345 -0.899036 0.303306 -0.432831
-0.0956052 -0.122739 -0.127454 0.0522141 -0.311037 -0.464148 -0.566978 -0.45191 -0.432361 0.0937413 -0.374196 -0.780212 0.222048 -0.020617 -0.334268 0.259534 -0.31123 -0.593837 -0.691212 -0.45184 -0.237347 -0.131382 -0.100445 -0.735776 -0.473417 -0.187287 -0.131414 0.116953 -0.0489175 -1.05973 -0.182014 -0.635059 -0.324499 -0.611007 -0.658715 0.326627 0.0167139 -1.01807 -0.157056 0.164822 -0.643335 -0.397088 -0.743355 -0.602714 -0.906878 -0.330319 -0.787103 -0.562925 0.0702361
-0.14608 -0.0637018 0.165724 0.353002 -0.159228 -0.757058 0.0517555 -0.142216 0.0515303 -0.112156 -0.786338 -0.383665 -0.817688 -0.954329 -0.698167 -0.764626 0.397202 -0.556018 -0.140651 -0.77492 -0.499411 -0.206684 -0.679627 -0.389482 -0.754665 -1.03618 -0.505309 -0.306664 -0.272703 -0.147616 -0.5666 -0.100312 -0.859844 0.00785558 0.0827479 -0.7587 0.123372 -0.277862 -0.263891 0.0382956 -0.128038 0.0442535 0.1325 -0.337367 0.29912 -0.45866 -0.736251 0.268742 0.0203825
-0.155384 0.288867 -0.171957 0.253542 -0.136642 0.672261 -0.449189 1.04609 -0.019177 0.129832
0.402301 -1.43503 -1.84367 -1.78729 -0.698008 -0.0424693 -0.101648 0.2034 -0.163367 -1.82655
-0.597205 -0.770632 -1.03873 -0.391565 -0.595834 -1.85842 2.98594 -2.53086 -0.12395 -0.214986
-0.555322 0.273219 -0.922078 0.59465 -0.725059 2.51047 -3.94635 2.44172 -0.177475 0.552227
-0.371111 -4.33461 -1.6065 -0.593284 -0.741743 -0.722642 -1.84205 0.736085 -0.182803 -0.300033
-0.316792 -5.61233 -0.293714 -1.64808 -1.55099 -0.736474 -2.7908 1.23702 -1.26181 0.565526
-0.492317 2.34814 -1.94977 1.23004 1.47251
-0.473324 -1.15053 -0.543846 3.96679 6.2735
-1.54841 4.08745 -6.24131 -2.06871 -2.55053
-3.02229 -4.29947 4.35648 -3.78614 -3.97928
-3.90177 1.89265 0.724138
0 0 0 0 0 0 0 0 0 1 1 1 0 0 0 1 0 0 0 1 0 0 1 0 0 0 1 0 0 1 0 0 0 1 0 0 0 1 1 1 0 0 1 0 0 0 0 0 0